A
00100
01010
01110
10001
10001
B
11110
10010
11100
10010
11110
C
11111
10000
10000
10000
11111
D
11100
10010
10001
10010
11100
E
11111
10000
11100
10000
11111
F
11111
10000
11100
10000
10000
G
01110
10000
10111
10010
01110
H
10001
10001
11111
10001
10001
I
11111
00100
00100
00100
11111
J
11111
00100
00100
10100
01000
K
10001
10010
11100
10010
10001
L
10000
10000
10000
10000
11111
M
11111
10101
10101
10001
10001
N
10001
11001
10101
10011
10001
O
01110
10001
10001
10001
01110
P
11111
10001
11111
10000
10000
Q
01110
10001
10001
10010
01101
R
11110
10010
11100
10010
10001
S
11111
10000
11111
00001
11111
T
11111
00100
00100
00100
00100
U
10001
10001
10001
10001
01110
V
10001
10001
01010
01010
00100
W
10001
10001
10101
10101
01110
X
10001
01010
00100
01010
10001
Y
10001
01010
00100
00100
00100
Z
11111
00010
00100
01000
11111
0
01110
11001
10101
10011
01110
1
00100
01100
10100
00100
11111
2
01110
10001
00110
01000
11111
3
01110
00001
01110
00001
01110
4
00110
01010
11111
00010
00010
5
11111
10000
11110
00001
11110
6
01111
10000
11110
10001
01110
7
11111
00001
00010
00100
00100
8
01110
10001
01110
10001
01110
9
01110
10001
01111
00001
01110
/
00001
00010
00100
01000
10000
!
00100
00100
00100
00000
00100
#
01010
11111
01010
11111
01010
$
01110
10100
01110
00101
01110
%
11001
11010
00100
01011
10011
^
00100
01010
10001
00000
00000
*
00100
11111
01110
10001
00000
(
00110
11000
10000
11000
00110
)
01100
00011
00001
00011
01100
-
00000
00000
11111
00000
00000
+
00100
00100
11111
00100
00100
=
00000
11111
00000
11111
00000
<
00011
01100
10000
01100
00011
>
11000
00110
00001
00110
11000
?
01110
10001
00110
00000
00100
,
00000
00000
00110
00110
01000
.
00000
00000
00000
01100
01100